4.680185185185185
4.12
4.846111111111111
4.112592592592593
4.045185185185185
3.4746296296296295
3.82
5.124444444444444
3.6394444444444445
4.217222222222222
4.456296296296296
4.317962962962963
3.466666666666667
3.243333333333333
3.4392592592592592
3.4505555555555554
4.291851851851852
3.742037037037037
3.3424074074074075
3.494074074074074
3.0164814814814815
3.6172222222222223
3.732962962962963
3.41962962962963
3.898888888888889
3.254814814814815
3.0805555555555557
3.247592592592593
3.1887037037037036
3.495925925925926
