3.734814814814815
3.6657407407407407
4.524074074074074
3.4651851851851854
3.0098148148148147
3.2683333333333335
3.227222222222222
3.727962962962963
3.5057407407407406
2.9627777777777777
2.45537037037037
2.675
2.9851851851851854
2.49
2.6044444444444443
2.495740740740741
2.187777777777778
2.4631481481481483
2.2887037037037037
2.2374074074074075
2.1403703703703703
2.186111111111111
2.1066666666666665
2.0974074074074074
2.0324074074074074
2.072962962962963
1.9946296296296295
1.944074074074074
1.8853703703703704
1.7442592592592592
