11.298148148148147
12.535
9.523518518518518
9.437592592592592
9.581296296296296
8.983888888888888
11.695555555555556
9.938703703703704
10.096666666666666
10.067962962962962
9.318333333333333
7.304814814814815
9.074259259259259
8.578518518518518
7.910185185185185
8.973333333333333
9.237407407407407
9.937037037037037
13.174074074074074
10.734444444444444
11.723888888888888
9.36648148148148
9.849074074074075
11.13037037037037
7.745185185185186
10.032222222222222
12.268148148148148
10.511111111111111
10.267037037037037
8.502592592592592
