9.307222222222222
10.16074074074074
11.266111111111112
10.924259259259259
7.304444444444444
8.118333333333334
8.61037037037037
7.56
7.54037037037037
7.2098148148148145
7.332777777777777
7.019074074074074
6.108148148148148
5.896851851851852
6.0616666666666665
6.301666666666667
5.353703703703704
5.266666666666667
4.850370370370371
5.140740740740741
4.761851851851852
5.690185185185185
5.312962962962963
4.588148148148148
5.002962962962963
4.7501851851851855
4.245185185185186
4.400740740740741
4.191851851851852
4.549444444444444
