8.378703703703703
7.525555555555556
9.552222222222222
6.919074074074074
6.185925925925926
6.444629629629629
5.383148148148148
6.844444444444444
6.295740740740741
5.317407407407408
4.383703703703704
5.038888888888889
5.135
4.260555555555555
6.782777777777778
4.3335185185185185
4.094074074074074
4.186111111111111
3.7146296296296297
4.059444444444445
3.9696296296296296
3.522407407407407
4.328333333333333
3.6246296296296294
3.683333333333333
3.456111111111111
3.45537037037037
3.2822222222222224
3.4253703703703704
3.024259259259259
