8.04888888888889
8.214814814814815
8.403518518518519
6.876666666666667
7.749259259259259
7.865185185185185
5.617037037037037
6.08425925925926
7.0835185185185185
6.338333333333333
7.153148148148148
5.919074074074074
7.073333333333333
6.814814814814815
6.074814814814815
6.148888888888889
5.807407407407408
7.005740740740741
5.229814814814815
5.642777777777778
5.612592592592593
5.314814814814815
6.527592592592592
5.439259259259259
5.538703703703704
5.58925925925926
6.607037037037037
5.862777777777778
5.102777777777778
5.1651851851851855
